221,2324,2739,3199,3895,4182,
1598,1909,2513,3154,3273,3556,3796,
293,2561,
1572,1709,2280,2582,2653,2876,2947,2994,3111,
29,237,2137,2653,4054,4886,
132,187,194,855,1648,2009,2112,2699,2725,3763,3905,
1506,1888,4322,4463,4485,4809,
576,4827,4966,
432,571,902,1504,3154,
319,707,2155,3488,4510,
1990,2069,2198,2798,2810,4033,
744,1003,1119,2060,2236,4173,4254,
281,338,472,813,1597,1827,1903,2223,2832,3147,3421,4844,
4189,
300,1799,1882,2268,
300,1755,2764,2953,3758,4311,
36,274,617,3713,4391,4754,
1152,3133,3607,4323,4782,
539,553,772,1039,1349,2289,
28,147,700,954,1159,3054,
560,1713,
663,874,1821,3668,3963,4198,4210,4915,4922,4929,
909,2466,3644,
200,924,1123,1443,2964,3831,
559,647,992,3005,3013,3625,4197,4558,
571,738,909,2914,3351,4059,
116,655,973,1822,2025,2842,3074,3806,4660,
8,558,1051,3401,3948,3970,4580,
153,1983,2035,2787,3328,3566,
240,831,1232,1389,1779,2228,2666,2900,
63,243,2324,4245,
3656,
2235,2265,3457,4665,4958,
100,446,1312,3939,4886,
852,1801,2101,4832,
2358,3807,4975,
29,1268,3203,3642,4717,
628,2009,2418,2852,3637,3671,4029,4365,4509,4545,4930,
49,759,2060,
73,1374,1422,2337,3402,3818,4163,4416,
988,1404,2193,2343,2494,3402,3496,4058,4197,
2186,2265,2415,3722,3934,4143,
799,1395,2893,
83,1643,2653,3139,3830,4163,4364,4597,
2042,2860,2979,
173,1523,1705,2174,2896,3161,3885,
2476,3075,3133,4270,
215,222,527,1246,2600,2792,3226,3233,4081,
690,1681,2612,2638,
179,2056,2787,3265,4256,4641,
281,2110,
956,1445,3110,
827,3089,4163,4744,
42,377,1256,1499,1704,4359,4909,
160,1970,2168,3040,
996,2114,3004,
1313,3574,
87,2487,2864,3546,3967,
39,544,553,1262,2177,4117,4392,
192,1480,
273,1408,1559,3149,4380,
687,1253,1384,2260,2776,3882,4076,4750,
1149,2864,
973,2216,2551,3051,3078,4131,4416,4615,4927,
1381,3544,3975,4463,
316,616,959,1253,1325,2179,2559,3032,3293,3655,
1863,2476,2947,4569,4932,
69,1039,1325,2026,3764,
520,813,871,2342,3223,4050,4165,4764,
813,1274,1508,3639,
1005,1374,1716,1911,
1086,1139,1428,2964,4076,
1483,1681,2552,4914,
658,3212,3273,4308,
1119,1502,1795,3598,3651,3816,
2600,2798,2992,4955,
385,1003,2235,3457,3595,4455,4665,4958,
669,1313,2596,2774,4169,4243,4649,4899,
1082,2134,3669,
1094,1566,1569,2292,3551,
160,2250,2579,3168,3169,3387,
72,1593,1902,3313,3828,3892,4105,4116,4154,4304,4595,4902,
1616,1705,2535,3231,3488,3612,3926,4589,
973,1269,1576,
2399,2781,4209,
963,973,1753,1925,2101,3405,3821,
1238,1733,1737,4374,4465,
300,447,1799,1882,2268,
1545,1596,1798,2216,2450,3306,4512,4650,4750,
380,4116,
861,1190,1751,2034,2451,2678,3256,3798,4416,4792,
666,1464,1512,3151,3153,3650,4685,
238,2347,2663,3359,3988,
622,973,2529,2585,3120,3194,4171,4272,4801,
1117,2004,3663,
97,319,362,481,1196,1810,2938,3771,4046,4094,
666,1162,
1630,3496,4237,
85,631,1093,3755,3864,
1502,1656,2113,2884,
367,855,1873,2781,3132,3402,4232,4362,4954,
745,1518,2443,2580,3184,3511,4602,4665,4739,
33,1228,1780,2055,2168,3153,3405,4843,
811,1537,2408,2498,2829,3550,4732,
127,569,1105,2878,3955,4908,
92,119,1280,1952,3124,3671,4028,4308,4564,4785,4899,
420,876,3656,
293,592,2373,3624,3830,4684,4750,
437,1462,1733,2142,3970,
86,624,2382,2424,2739,
607,2090,2439,3231,3367,3926,4058,4615,4911,
150,248,521,2315,3348,
629,1234,1412,1790,3358,4131,
1766,1795,1912,2406,3498,4293,4431,4653,
29,278,3642,3677,3703,3849,
667,863,1233,1666,1696,2028,2031,3453,3911,4254,
140,601,1324,4545,4842,
607,721,1086,2430,4097,4315,4917,
1119,1188,1710,3763,4934,
2026,4005,4084,4782,
647,1407,1888,2280,2306,2733,
250,319,413,871,1159,3080,3831,4980,
671,852,1119,3901,3948,
734,1970,
480,668,1474,1537,1898,2825,4411,4558,
1191,3639,
715,806,1652,2764,3353,4182,4782,
811,1537,2408,2498,
432,589,592,1316,1905,2142,3864,4075,
25,817,1925,2209,3033,
790,1197,2003,3010,3056,3527,4859,
231,412,721,1019,1269,2689,
740,1015,1194,1315,1666,1765,4701,
1136,1331,1535,2638,3967,4206,4330,4340,4450,4940,
2439,4615,4670,4826,4987,
1384,1752,2358,2580,2699,3703,4750,
2009,2137,4055,4255,4611,4682,
2776,4177,4808,4999,
86,592,612,863,1047,1818,4754,
1073,1616,2116,2226,2878,4556,4914,
1095,1872,4031,
74,188,1557,2042,3386,3651,4887,
691,3647,3800,3876,3899,4561,
903,1123,1569,1908,1984,2284,3386,3390,3667,4738,
1135,1186,1589,4073,
3487,3673,4899,
224,395,956,2669,4727,
896,1409,3044,3895,4729,4785,4787,
1881,2227,3177,4544,
318,1016,1880,2106,2204,2451,2496,3356,4297,4881,
1664,3053,3167,3484,
303,629,732,2563,3221,3797,
1498,1541,2001,2487,3296,3507,4041,4173,
938,1067,1609,1733,4754,
28,539,604,1783,2593,2617,3617,4925,
1136,2563,2743,4947,
1678,2157,3496,
117,670,2343,2699,2930,3004,3051,3087,3192,
142,486,2051,2910,2998,3110,
132,706,1145,1578,1896,2192,2211,2589,
1164,1232,1421,3506,4105,4446,4503,4564,4577,4830,
1341,1909,
137,1195,1458,1912,2629,
2445,3774,4363,4815,
647,1040,2585,2931,4355,4932,
428,988,1067,1626,1911,4729,4978,
824,1514,2177,2193,
100,324,959,2476,2861,2873,4008,
287,1662,2284,
301,668,670,800,874,1474,2509,4512,
634,1724,2275,3062,3079,3677,3741,4491,
200,924,1123,1443,2964,3831,
372,1043,1529,2001,2915,3402,3527,3671,4254,
261,3243,4396,4440,4491,4575,4909,
140,1816,2903,3899,4029,4131,
1269,1512,2365,2472,4936,
19,150,248,521,1302,2289,4401,4750,
3458,3656,3980,
179,729,1316,1836,3970,
1578,2341,2648,3931,4516,
592,2181,2643,3321,4290,
166,167,1121,3199,3432,3668,
179,850,1175,1451,4104,4430,
306,1152,1162,1843,2809,3356,3440,3681,
1569,1759,4071,4163,4308,4998,
167,1216,1930,
68,1503,1858,2219,3186,3728,4603,
687,1235,1962,1997,2528,4156,4911,
222,1043,1463,1559,2034,2474,3479,3551,4558,4695,4863,
259,1107,1272,2186,3530,3924,4853,
301,668,1248,2053,
2072,3669,3927,
1101,1483,3440,4381,4624,
1816,2265,2411,3249,4762,
350,654,1501,3705,3768,
544,934,967,1278,2585,2915,3243,4721,
586,592,623,2908,3547,3551,
412,1871,3498,4478,
1548,3106,3196,3293,
278,798,4264,4699,
63,1300,1463,1820,4066,4477,4788,
36,2994,3681,3752,
192,2917,3056,3368,4210,4971,
730,1128,1868,2548,2635,
3070,4117,
721,1762,2154,2189,2368,2584,3087,3728,4436,4504,4914,
336,676,807,2516,4124,
1725,2112,3861,
870,1286,1509,1606,4082,
1379,1756,1861,1982,2524,2790,4279,4802,4929,
859,913,1500,2937,4466,
730,1267,2056,2234,2476,3108,4364,
1539,3351,4030,4389,4987,
611,1119,2712,
11,195,468,665,2089,3952,
1801,2366,3968,
107,871,1226,1488,
300,1997,3110,3835,4785,
834,1624,3667,4911,4947,
1163,1258,2018,3574,4749,
2469,2489,2877,3145,3546,3753,
60,81,281,1034,1040,1925,3089,4602,
2917,2980,4827,
828,2234,2396,2682,3606,
2408,3647,3882,4949,
1136,1500,3566,3990,4587,
395,783,1164,1881,1884,2021,2989,3938,4727,
502,1202,1999,3453,
619,670,709,1673,2101,2327,2676,3387,3421,4935,
69,274,1096,1187,4182,4311,
31,1428,2719,4900,
360,377,778,3723,
876,988,
299,364,3096,3268,3462,
233,1243,1971,2095,2293,3054,3309,4314,4570,
446,1384,1628,2408,2883,
1590,4297,
140,2829,3092,3282,4230,4544,
330,444,3212,4062,
226,3180,3334,3511,4292,
281,2009,2229,4488,
871,1238,1412,2481,2647,
87,1067,1475,3445,4299,
2164,2193,4890,
1186,1269,1647,2452,2678,3734,4050,4370,4621,
911,2359,3647,4491,
1325,1816,2672,2976,3196,4008,4169,4445,4759,
234,806,2163,2544,3168,4182,
374,1054,1350,2457,3655,4363,
1609,1977,3353,3722,4219,4301,
3297,
74,955,988,4884,
622,1042,2541,4839,
62,941,2115,4543,
371,1094,1217,1220,1683,2149,2255,2400,2455,3051,4934,
874,929,2291,2596,4506,
209,421,1664,3191,3756,3828,
119,1529,1628,2843,4430,
132,1037,4632,
402,483,761,879,1136,1405,2116,2858,4370,4576,4977,
540,1162,1559,1876,2476,2601,3204,
197,2774,3276,
106,121,238,1524,1911,4134,4138,4184,4331,
1234,1412,1790,1871,3358,4914,
159,756,4061,
521,962,990,1048,1194,1407,1613,1617,1887,
2793,2885,4813,
547,3708,
573,656,1255,2899,3595,4455,4574,
1284,1372,2025,2813,
3073,3628,3664,
325,486,1014,1221,1362,1462,1472,2339,2596,2628,
73,2516,3607,4701,4723,
666,967,2056,2611,2842,
2223,2576,3745,3987,4782,4854,
228,338,1108,2433,2849,3387,
242,289,346,583,1925,4271,4850,
442,1190,2594,3025,3274,3540,3624,4203,4536,4917,
2123,2411,3054,3398,3625,4059,4184,
192,773,885,976,1042,1424,1452,2565,2842,3250,3456,3740,
710,1659,2187,3496,4133,4952,
221,3424,4209,
293,1313,1463,2371,2418,3285,4053,4592,
477,727,915,1175,1502,2536,3534,3733,4409,4435,
246,360,781,1247,2409,3279,3829,3901,
1194,1281,2840,4312,4341,
1086,2115,2372,2834,3159,4097,4184,4670,
85,302,1037,2095,
486,670,994,1153,1298,2101,4935,
1531,2194,3496,3550,3692,4237,
859,1079,1665,2062,2292,3651,3934,4323,
86,230,878,2277,2445,3421,4203,4864,
752,850,2153,2216,3149,3668,4237,
3106,3534,3682,4162,
447,478,911,1464,2359,3146,3445,3647,3946,4847,
107,871,1488,3931,
221,1018,1554,2235,2265,3457,3816,4665,4958,
666,912,1350,2116,2582,2973,
2135,2953,3682,4050,4146,4621,
416,1228,2171,2192,2471,2786,3079,3441,4538,4811,4827,
123,192,1884,2704,3672,
1225,2021,2289,2519,3606,4375,
812,1647,2112,4942,
3,127,281,1643,3919,
526,1092,2457,3464,3932,
306,1027,1179,1220,1369,2093,2112,3588,3975,
90,2639,2842,3054,3371,3816,4870,
981,1159,2842,3439,3555,3766,4379,4589,
112,3306,4033,4751,
1731,3480,3579,4559,
150,241,260,369,
240,833,2126,2648,2726,2790,4144,
293,1474,2561,3624,
118,575,1384,1529,1688,4201,4511,
246,1018,1135,1646,2661,
1462,2371,2625,4557,4966,
666,1008,1512,2193,2447,3151,4685,
712,807,2025,
764,1327,1643,3070,3131,3690,3835,4409,
150,2073,3552,
1566,1569,2292,
604,767,1149,3405,
815,2907,3828,4240,4417,4685,
1506,3083,3203,3305,
1011,1572,3293,4242,4476,
628,973,1541,1725,2321,3169,3513,4746,
1039,2347,2548,2617,2666,3212,3268,3650,4570,
806,854,1721,2828,4228,4263,4279,4820,
2449,3582,3641,
293,423,667,1110,1232,2564,3032,4073,
1273,2565,2966,
63,1300,1463,1820,4066,4477,4788,
721,2189,2293,3087,3323,4914,
74,988,
732,2400,2444,3487,4066,
958,1233,1384,1754,
1432,1577,2306,2784,3013,3798,4167,
214,1325,2565,3885,4453,4589,4792,
299,1733,3359,4782,
229,1144,1557,2894,3773,
2857,3153,3551,3648,
217,219,807,870,1216,2630,2864,3168,3803,
1224,1541,2538,4004,4015,4076,
764,1117,1756,2004,2612,2878,4104,4784,4905,
44,1919,2964,3283,4375,
753,1746,1834,2135,2828,3934,4279,
325,2642,2908,3146,4265,
291,1956,3369,4182,4908,
334,534,592,622,1643,1757,2101,
138,240,1486,1733,2025,2739,4629,4972,
656,2239,2883,3669,4070,4399,
775,2042,3689,4519,4587,
518,666,2842,
2385,2981,3514,
318,1316,3371,4570,
2710,4005,
93,280,571,1115,1913,2034,2135,3910,3987,
837,1462,2861,4077,4465,
255,1042,
400,1219,1874,2162,2366,4982,
524,1551,2912,3615,3648,3668,4050,
85,1113,1140,1836,3396,3620,3759,
1220,3236,3390,4025,4869,
69,1144,1679,2036,2183,2330,2642,2715,
1275,1574,1991,3296,3665,4188,
293,375,1231,1815,3137,3639,
231,389,1005,1132,1493,1882,3180,3703,3934,4997,
627,965,4611,4652,4721,
29,152,850,1120,2609,2653,4886,4911,
881,4284,4628,
908,2057,3351,4135,4278,
73,1559,1910,2516,2714,3607,4701,4723,
702,1863,1982,2262,2582,2650,
33,4843,
21,675,751,1202,2676,4431,4818,
994,1472,1893,2315,4997,
682,1092,1971,2538,
289,490,1855,2001,2559,3032,4850,
634,1724,2275,3062,3079,
1141,2140,2199,3268,3722,3752,4571,
812,1300,1647,2112,2964,3505,4056,4942,
24,212,419,1183,1876,1940,3869,4577,
61,378,1183,1349,2166,2274,2872,3352,4512,
197,500,1113,1664,2250,2307,2454,2617,2774,3165,3249,3276,4396,
2870,2915,3556,4282,4802,4827,
372,2151,2600,3655,3864,
320,1182,2195,2721,2976,4295,
592,1327,3697,4616,
1425,1630,1731,1834,1991,2001,2021,3748,4482,
700,1461,3140,3730,4582,
1407,2306,2733,3996,
441,970,1053,2337,2397,2918,4832,
2137,3151,3998,4059,4204,4545,
2360,
17,715,1486,3299,
261,3243,4396,4440,4491,4575,4909,
1431,1780,2001,3501,3775,4015,4089,
1276,1504,1905,3603,3615,
874,1113,1140,1836,2089,2266,2649,3153,3759,4059,4189,
1618,1649,2595,4410,4450,4757,4940,
61,93,547,740,1853,2050,2385,2469,2962,3410,3667,3708,
132,2832,3086,3153,3480,
240,831,1232,1389,1725,1779,1917,1986,2228,2592,2666,2900,3139,
52,921,2841,3671,
684,907,1017,1373,2561,3273,4037,
173,1523,1705,2174,2896,3161,3885,
1679,2715,
1157,1624,2280,3120,4389,4904,
870,1286,1509,1606,2445,2938,4077,
246,851,1804,4808,4918,4922,
2268,2774,3087,3307,4223,4797,4952,
293,1474,2561,3624,4990,
3032,3990,
11,468,1052,2089,3952,4136,
1170,1338,1581,1664,2725,3639,4968,
707,1042,1501,2114,2179,3759,4491,
189,532,958,2938,3461,
2226,3066,3291,3730,4140,4727,4980,
318,3742,4510,4977,
69,423,1217,1310,1624,2110,2165,2471,2745,3823,4044,4446,
1775,3467,4058,4096,4632,
234,806,2116,2163,2190,2544,3168,4076,4182,4256,
1851,2051,2527,4394,4946,
68,1503,1858,2219,3186,3728,4603,
85,152,733,2596,2691,4841,
2738,3644,4427,4812,4848,
405,891,4370,4396,
870,2340,4307,4504,
4797,4952,
60,281,4602,
63,1463,1557,1952,2790,3671,3934,
198,539,553,772,1039,1349,2289,2678,4621,
272,821,1095,1232,1651,
1461,1843,2358,2739,4011,4559,
471,990,1405,1557,1794,2154,3624,4609,
197,280,1913,2034,2135,3910,
1219,1652,2976,4881,
467,1387,1928,2209,2731,3065,
69,274,1096,1187,4182,4311,
300,
1159,1327,1956,2397,3487,
493,652,685,2274,2506,2590,
486,1334,1803,2157,2212,2564,2646,3396,3835,4160,4264,4288,4793,4913,4965,
592,2373,3830,4684,
1164,1822,2025,2583,2676,2842,4703,4932,
559,628,1399,1880,2319,2596,4383,4401,4807,
851,1461,
1503,1923,2250,3190,3639,4495,4623,
1002,2839,3193,3270,3279,
274,4103,4114,4129,
139,553,711,1216,1557,2347,3648,3845,
283,570,1158,1868,2028,3925,4788,4809,
402,1822,3488,3612,4011,4990,
573,1101,1326,1483,2899,3305,3440,4315,4381,4624,
2418,2714,2781,3289,3300,
520,1474,3477,
85,963,1238,1399,3655,4242,4374,
709,2951,4189,
222,3443,3496,3901,4032,4925,
1462,1914,3350,3404,
682,1250,1843,2341,2648,3931,4828,
1239,1564,1584,2500,2582,4491,
428,988,1067,1105,1626,1911,4729,4978,
3279,
385,806,834,1136,1394,2375,
604,3214,3797,3881,4351,4467,4497,
1977,2155,3758,
244,1155,2025,4797,
1664,1689,1801,2053,2631,3559,3931,
850,2304,2858,3131,3371,4189,4761,
767,1493,2113,2233,
1386,1464,1629,3572,4932,
111,778,2647,3084,3198,
1500,2001,2189,4161,4333,4504,4865,
117,643,2882,3008,3111,3140,
1210,1508,1660,1787,1930,1973,2276,2534,3079,3389,3572,4237,4458,
316,318,809,1649,
1634,1660,2564,2855,2937,3392,3870,3970,4163,4454,4701,
209,1144,1610,2305,2590,2599,4038,
1073,1162,1705,1852,2898,3151,4723,
160,1127,1162,2427,3119,3160,
931,2001,2415,2496,4756,
66,715,1113,2289,3286,4100,4440,
36,1469,2916,
559,884,1709,4103,4394,
402,483,879,1136,2116,2781,4576,
1451,1502,2383,2477,2530,4062,
414,3535,3655,
1381,2957,3544,3975,4463,
419,442,931,1351,1854,2411,4169,4374,4484,4596,
12,94,1621,4496,
2297,2626,3271,3635,3754,
388,1679,1830,2169,2715,3322,3498,4116,4167,4486,
203,1269,1537,3178,3496,3772,4026,4840,
688,1686,1697,2907,4570,
582,3151,4315,
1005,1374,1716,1911,
813,913,1042,1987,2078,2915,3952,
9,1335,1407,1416,1666,1859,2867,3096,4929,4958,
612,734,1861,3106,3153,3747,3935,
283,893,1158,3311,3925,4788,4809,
172,523,1016,1995,3243,3807,4741,4981,
428,1234,1688,2339,3639,3655,4160,4425,
28,623,1250,4357,4607,
118,829,2519,2705,4504,
108,2388,3526,4363,4510,4515,4540,4670,
374,1343,2226,2237,3303,3583,4147,
1382,3025,3596,
43,1593,1834,3173,3656,4202,
907,1409,1451,1503,4008,
1393,1527,2994,
405,1096,1102,1284,3249,3328,3959,4336,
907,1346,2373,2949,3396,3549,3920,4701,
1234,3160,3845,4275,
22,1491,1518,2342,2595,3281,3556,3583,3803,3988,4082,4784,
2617,3534,3843,
1113,1140,1836,2947,3759,
1940,2947,3669,4503,4577,4607,4614,4796,
961,4158,4398,4475,
127,1383,3501,3527,4037,4391,
1503,2025,2057,2372,2506,3656,3919,4234,4326,4958,
168,1416,1804,2277,2471,3921,4289,4308,
11,1269,1289,1537,3131,3178,3804,3908,
764,1659,3159,
821,1232,1651,3927,
871,1265,
119,138,145,391,512,683,837,2095,2899,3271,3784,
612,740,1039,2129,2617,2739,3950,4330,4475,4711,
519,1498,1541,1820,3496,4173,
2337,3997,4146,
480,2496,4796,
1233,1638,1773,2029,2714,3180,3409,4911,
1770,
2304,2637,3070,3159,3805,4089,
1039,1107,2129,2739,4475,
29,289,1779,2163,3722,4168,
1014,1853,3899,
371,2022,3306,3514,4373,4378,4944,
497,909,1036,2914,3351,4059,4564,
998,2650,3021,3129,4446,4750,
1093,2012,2064,2524,
101,322,1573,1664,2021,2324,2687,2815,3356,
3306,4792,
148,806,1086,1462,1779,2042,2506,4431,4905,
480,1905,2208,2223,2912,3975,4352,
446,1169,3070,3517,3615,
546,1297,2968,3514,4012,
1882,2246,3487,3957,
571,1253,2237,2336,2416,4750,
666,903,3556,4401,
2489,2725,
929,2291,2596,4506,
3695,4950,
727,1499,3317,4359,4909,
248,2557,2776,3695,4782,
44,668,1512,1530,2304,2408,2563,3198,3666,3901,4375,4392,4441,
1145,1313,1472,3405,4462,4820,
286,1502,2852,2991,
706,908,1014,1160,1275,2610,4212,
2091,2154,2236,
242,277,346,492,583,1988,2342,4271,
92,119,716,2653,2947,4028,4308,4564,4899,
86,402,624,709,994,1984,2382,2424,2457,2739,4797,
765,867,2401,2444,2989,3004,3618,4688,
127,670,2589,3000,3934,4443,4887,4911,
360,662,1005,1017,3081,3217,3474,3702,3725,4184,
1630,2001,2021,4396,4482,
1454,1861,3330,
238,240,595,870,1723,3805,3985,
764,863,1095,1530,1664,
1246,
215,1531,2853,3526,4257,4750,
2227,2384,3089,3765,4426,4658,
4474,
608,1905,2780,3474,3522,
539,2362,3012,3766,3768,
623,1715,1957,3980,4539,4830,
3021,
148,154,259,530,2815,3455,3492,3911,4311,
1673,2785,3328,4639,
140,1558,2269,2365,3070,3888,4228,4279,
63,463,2234,2471,
86,281,439,798,1381,1537,2857,3620,3651,3827,4536,
1183,2585,3081,3678,4607,4886,
829,1622,1770,2901,3160,3281,3790,
598,2142,2409,2512,2685,3051,3538,3853,4311,4450,4670,
284,1629,1956,3353,
2250,4762,
652,1717,3932,4139,4920,
36,832,1679,2165,2314,2715,
2533,4856,
73,109,335,1602,1610,1629,2290,3829,3990,4242,
247,1190,1731,3008,3653,3708,
111,687,2625,3042,3096,
854,2828,3387,4263,4279,
1184,1835,3167,4144,
571,2561,2638,3160,
586,870,902,1256,2193,2815,3838,3889,4202,4363,
833,1545,1903,2864,3223,4050,4366,
177,409,1945,2189,3149,4178,
463,565,909,3049,4046,
1040,2385,3444,
371,1902,2345,2512,3457,4058,
2382,3581,4018,4193,4345,4433,
2060,2239,2836,4496,
273,859,913,1408,1500,2937,4380,4466,
29,2315,2715,2781,4588,4741,
737,3744,
316,616,815,1005,2979,3122,3154,3240,3400,4870,
1095,1843,3330,4646,
993,2226,2368,3313,3934,4010,
371,1145,1313,1472,2512,3405,3457,4058,4462,
21,1189,2428,2761,3981,4883,
1001,1252,2110,2695,2722,3277,4396,4862,
640,1652,2112,3301,
764,2181,2726,
52,402,1351,1384,2903,3410,3828,4398,
855,956,1755,2114,3219,3387,3730,4293,4508,
463,993,1346,2053,2614,2708,3300,3460,4785,4813,
595,605,1756,2082,2612,
221,1113,1234,1327,3390,3774,
467,1541,2116,2933,3381,3969,4084,
613,2493,3199,3247,3572,
1594,2227,4551,
1666,1982,2193,
319,2861,3946,
55,440,2400,2590,3669,4621,
86,878,2277,2387,2454,3421,3479,4374,4654,4864,
106,274,575,1114,1888,2173,4491,4504,
470,1546,2397,3487,3505,4413,
773,781,832,885,976,1042,1424,1452,1468,2147,2565,2842,3250,4607,
277,323,502,782,1508,1533,1659,2579,2691,3648,4510,4598,4736,
2595,4456,
2248,2597,2743,4785,
931,2001,2415,2496,4756,
246,1018,1135,1461,1635,2261,4628,
973,2551,3051,4615,
1352,2825,3341,3975,
3642,3677,3968,
773,885,976,1042,1424,1452,2565,2842,3250,
2637,
8,2143,2444,2980,3216,3619,
891,1147,1186,1288,
669,1313,2596,2774,3564,4169,4243,4649,4899,
146,773,1042,1158,2578,2725,4980,
1155,2412,3530,
8,336,2101,2708,3166,4614,
492,3722,3771,4749,
48,192,1302,1768,4413,
100,446,1312,3939,4886,
405,955,1020,4081,
1871,2102,3241,3613,4377,4813,
867,1079,1606,1665,2401,2432,3267,3934,
443,553,1443,1524,1756,2107,4678,
513,2165,2660,2716,2799,3221,3381,3401,3933,4215,
1341,1863,1982,2262,4582,4871,
745,2373,2625,4867,4886,
993,2226,2368,3313,3934,4010,
69,364,1132,1162,1339,2665,3153,3941,4034,4595,
601,1999,3611,3959,
51,157,852,950,1502,2579,3297,3377,3847,3935,3990,3998,4384,4475,4512,
486,538,1085,1152,1384,2172,2735,3932,
446,486,1153,1298,1756,2612,2832,4762,
582,2553,
33,2293,3377,3970,4532,
197,280,1913,2034,2135,3910,
2345,3073,3628,3664,
603,655,2998,3041,3806,4087,
3054,4576,
116,3144,3643,4497,
1003,1822,1940,2285,2810,3144,3199,3390,4772,
559,3120,
3,1751,2678,3256,3722,4390,
783,2418,2900,3171,4243,4273,4531,4688,
168,238,799,1118,1130,1152,1221,1821,1837,2533,3474,4315,4394,
709,1127,4821,4968,
1559,1910,2714,
486,745,2373,4398,4909,
156,2001,2748,4512,4571,
2223,2576,3745,3987,4782,4854,
192,1599,4491,
409,1535,1903,3186,4603,4607,
120,299,1428,1733,1971,2692,3359,
870,1710,2129,3351,
402,1040,1083,1382,1984,2385,2457,3444,3931,4540,
553,1265,2244,2260,2658,3267,3286,4501,
558,1236,1903,3041,3722,
855,1374,4415,
69,1596,1943,3515,3580,3743,4533,
1500,1676,1909,3065,3127,4344,
441,937,3111,3511,3798,4387,4784,
171,224,1664,2121,2227,3351,4192,
2315,2596,2694,3018,4938,
1208,1386,1777,4464,
168,412,874,1579,1737,3343,3496,
1652,1761,3602,3835,4000,4189,
172,1016,1995,3243,4135,
828,1751,2129,2678,3256,3798,4387,4540,
2476,3552,3572,4425,
592,2612,2648,3089,3314,
895,936,2532,3143,3708,3934,4540,
51,316,1107,1493,1741,1767,2709,2811,3132,3149,3921,3927,
238,782,1389,1467,1721,2305,3515,3639,4340,4901,
778,902,1325,1799,2136,2340,4307,
43,63,745,2481,3676,4722,
316,616,815,1005,3154,3240,
2028,2781,3919,
1218,1339,1443,1849,3216,
2682,3319,4416,4740,
291,592,936,1327,2942,3697,3882,4616,
487,545,1383,2406,3957,4332,
2035,2324,3009,3055,3727,
931,2201,2260,2776,3882,4076,4569,
69,1144,1443,2036,2183,2330,2489,2642,4446,
177,409,1945,2189,3149,4178,
646,2026,
830,852,1871,2174,4470,4668,4746,
1815,2567,3557,4046,4355,
109,1043,1382,2063,3559,4476,
3,28,222,1529,1804,2001,2857,2941,4985,
1622,3039,3816,3876,3953,4539,
1314,1369,1651,3111,4078,
316,2004,2417,2764,4238,
1208,1386,3534,4464,4990,
192,959,3004,4301,4898,
1709,3300,
3231,3926,
689,825,2060,2584,
221,973,1775,1827,2284,2930,3153,3166,4041,
18,61,219,1474,1530,1557,2052,2572,4997,
815,2907,3828,4240,4417,4685,
92,119,994,1917,3628,4028,4308,4564,4899,
668,803,837,1179,2021,2217,2361,2521,2699,3149,3408,4243,4607,4753,
6,246,511,1183,1952,2610,
63,108,1211,2411,2481,3066,3330,3572,4762,
871,902,1581,1666,1768,1882,2786,3095,3591,4069,
994,1508,1930,2276,2408,2883,
85,147,631,1093,1147,1843,3755,3864,4747,
514,1577,1798,2921,3114,
700,1461,1882,2499,3140,3730,4582,
480,1222,1905,2208,2223,2912,3326,3975,4352,4562,
827,1009,1398,2056,3273,
173,402,1015,1995,3324,4666,4750,
20,100,676,1079,1393,1798,1828,1997,2131,2428,3769,4613,
127,214,559,1383,1689,3527,4558,
1296,2179,2660,3147,3672,3919,
808,889,1498,1592,2561,
1804,3979,4922,
238,2347,2372,2663,3359,3667,3988,
294,580,2068,2781,
2476,3075,3133,4270,
68,93,1310,1664,2416,2757,3506,3910,3948,4670,
1688,2260,2383,
217,281,807,2009,2229,2430,2557,3341,3803,4488,4827,
759,1427,1448,3552,3696,4072,4745,
652,764,863,1095,1458,1530,1664,2474,2610,3521,4050,4210,4671,
1221,1472,2339,2628,
1239,1564,1584,2500,2582,4491,
69,70,412,2373,3869,
266,1115,1351,1816,2931,
674,1085,1324,1361,1871,3368,3589,4491,
931,1096,1351,1648,1901,2958,
263,2415,2692,2918,2932,3217,4326,4823,
3585,3589,4557,
674,685,709,803,1094,2595,3498,3664,3676,4148,4646,
924,2722,3595,4621,
3835,3846,
1138,1382,2382,2425,3300,3532,4519,4700,
266,1524,2284,2576,2931,4333,
924,1129,2069,2112,3980,4398,
1561,2387,2454,3479,4374,4654,
732,1577,2133,4392,4568,
6,558,2360,
656,1429,4510,
644,803,3020,3335,3344,
118,520,542,3692,3905,
3926,
1147,1597,1795,3816,
648,1502,2339,2506,2617,2621,3111,4197,4521,4604,4751,
1338,4114,4778,4970,
230,326,1648,3098,4738,
48,629,1711,1775,1858,1914,1998,2528,2842,3306,
274,382,1302,1557,2611,2686,3512,3551,3601,4257,
773,2177,2430,3931,4510,4603,
40,289,311,1123,2234,2417,3130,
2406,4507,
691,3647,3800,3876,3899,4561,
613,2493,3199,3247,3572,
140,2829,3092,3282,4230,4544,
337,1349,2324,4177,4512,4750,
1264,4946,
68,1584,2625,2828,2842,4195,
439,1276,3154,4827,
247,1275,1797,2964,3550,
72,437,3969,
1338,2852,2910,3079,4114,4778,
11,468,2089,3952,
9,1335,2231,
827,1009,1183,1398,1518,2056,3273,3315,4490,4704,
1705,3488,3612,4626,
2060,3352,4561,4869,
501,1499,4568,4750,
81,1034,1925,3089,
3527,3703,3952,4329,
1144,1838,2541,
74,188,1557,2042,4887,
49,437,809,3190,3777,4087,
444,1153,1765,2155,2166,2864,3131,3544,
1003,1314,1953,2006,2964,3620,
18,471,1152,1999,3070,
208,1269,2802,
29,69,795,1768,3521,4230,
764,1882,2237,2992,
389,1493,3703,3934,4997,
1071,1905,3845,4545,4778,
480,1428,1469,3124,3166,4929,
1890,2867,2980,3527,4458,
992,4015,4455,
1678,1909,3577,4490,
496,1183,1822,1990,2145,2420,4531,4587,
1005,1184,1835,2842,3167,3607,4144,
795,871,998,1132,1501,2062,2141,2401,2666,2905,3075,3169,3186,3828,4312,4578,4996,
1624,2941,3212,3556,4103,
324,959,2476,2861,2873,4008,
3477,3954,4901,
1093,1288,1549,1569,1923,1983,2565,4258,
423,699,729,874,1217,1310,2110,2165,2343,2679,2790,3823,4044,4267,4390,4396,
402,483,879,1136,2116,4576,
252,1136,2563,2743,4355,4947,
1473,2343,2361,2899,2964,2979,3095,4516,
326,3728,4425,
552,778,1557,1843,1876,4100,4375,
326,881,1314,1474,2223,3710,
1034,1144,3457,4050,
1149,2402,4707,
497,2841,3351,4684,4985,
497,709,2932,3624,3816,4254,4364,4452,4813,
709,1222,1746,1756,2612,3124,4109,
961,3955,4083,
174,459,1545,1854,2268,2638,2735,3040,3293,3396,4326,4557,
127,683,1617,2193,2345,2517,3910,4345,4868,
2030,2525,4564,4833,4947,
63,1558,2776,2883,3008,
442,1190,2594,3151,3540,4536,4723,
89,397,813,1126,3013,3452,3893,4460,
402,2450,4886,221,2324,2739,3199,3895,4182,
1598,1909,2513,3154,3273,3556,3796,
293,2561,
1572,1709,2280,2582,2653,2876,2947,2994,3111,
29,237,2137,2653,4054,4886,
132,187,194,855,1648,2009,2112,2699,2725,3763,3905,
1506,1888,4322,4463,4485,4809,
576,4827,4966,
432,571,902,1504,3154,
319,707,2155,3488,4510,
1990,2069,2198,2798,2810,4033,
744,1003,1119,2060,2236,4173,4254,
281,338,472,813,1597,1827,1903,2223,2832,3147,3421,4844,
4189,
300,1799,1882,2268,
300,1755,2764,2953,3758,4311,
36,274,617,3713,4391,4754,
1152,3133,3607,4323,4782,
539,553,772,1039,1349,2289,
28,147,700,954,1159,3054,
560,1713,
663,874,1821,3668,3963,4198,4210,4915,4922,4929,
909,2466,3644,
200,924,1123,1443,2964,3831,
559,647,992,3005,3013,3625,4197,4558,
571,738,909,2914,3351,4059,
116,655,973,1822,2025,2842,3074,3806,4660,
8,558,1051,3401,3948,3970,4580,
153,1983,2035,2787,3328,3566,
240,831,1232,1389,1779,2228,2666,2900,
63,243,2324,4245,
3656,
2235,2265,3457,4665,4958,
100,446,1312,3939,4886,
852,1801,2101,4832,
2358,3807,4975,
29,1268,3203,3642,4717,
628,2009,2418,2852,3637,3671,4029,4365,4509,4545,4930,
49,759,2060,
73,1374,1422,2337,3402,3818,4163,4416,
988,1404,2193,2343,2494,3402,3496,4058,4197,
2186,2265,2415,3722,3934,4143,
799,1395,2893,
83,1643,2653,3139,3830,4163,4364,4597,
2042,2860,2979,
173,1523,1705,2174,2896,3161,3885,
2476,3075,3133,4270,
215,222,527,1246,2600,2792,3226,3233,4081,
690,1681,2612,2638,
179,2056,2787,3265,4256,4641,
281,2110,
956,1445,3110,
827,3089,4163,4744,
42,377,1256,1499,1704,4359,4909,
160,1970,2168,3040,
996,2114,3004,
1313,3574,
87,2487,2864,3546,3967,
39,544,553,1262,2177,4117,4392,
192,1480,
273,1408,1559,3149,4380,
687,1253,1384,2260,2776,3882,4076,4750,
1149,2864,
973,2216,2551,3051,3078,4131,4416,4615,4927,
1381,3544,3975,4463,
316,616,959,1253,1325,2179,2559,3032,3293,3655,
1863,2476,2947,4569,4932,
69,1039,1325,2026,3764,
520,813,871,2342,3223,4050,4165,4764,
813,1274,1508,3639,
1005,1374,1716,1911,
1086,1139,1428,2964,4076,
1483,1681,2552,4914,
658,3212,3273,4308,
1119,1502,1795,3598,3651,3816,
2600,2798,2992,4955,
385,1003,2235,3457,3595,4455,4665,4958,
669,1313,2596,2774,4169,4243,4649,4899,
1082,2134,3669,
1094,1566,1569,2292,3551,
160,2250,2579,3168,3169,3387,
72,1593,1902,3313,3828,3892,4105,4116,4154,4304,4595,4902,
1616,1705,2535,3231,3488,3612,3926,4589,
973,1269,1576,
2399,2781,4209,
963,973,1753,1925,2101,3405,3821,
1238,1733,1737,4374,4465,
300,447,1799,1882,2268,
1545,1596,1798,2216,2450,3306,4512,4650,4750,
380,4116,
861,1190,1751,2034,2451,2678,3256,3798,4416,4792,
666,1464,1512,3151,3153,3650,4685,
238,2347,2663,3359,3988,
622,973,2529,2585,3120,3194,4171,4272,4801,
1117,2004,3663,
97,319,362,481,1196,1810,2938,3771,4046,4094,
666,1162,
1630,3496,4237,
85,631,1093,3755,3864,
1502,1656,2113,2884,
367,855,1873,2781,3132,3402,4232,4362,4954,
745,1518,2443,2580,3184,3511,4602,4665,4739,
33,1228,1780,2055,2168,3153,3405,4843,
811,1537,2408,2498,2829,3550,4732,
127,569,1105,2878,3955,4908,
92,119,1280,1952,3124,3671,4028,4308,4564,4785,4899,
420,876,3656,
293,592,2373,3624,3830,4684,4750,
437,1462,1733,2142,3970,
86,624,2382,2424,2739,
607,2090,2439,3231,3367,3926,4058,4615,4911,
150,248,521,2315,3348,
629,1234,1412,1790,3358,4131,
1766,1795,1912,2406,3498,4293,4431,4653,
29,278,3642,3677,3703,3849,
667,863,1233,1666,1696,2028,2031,3453,3911,4254,
140,601,1324,4545,4842,
607,721,1086,2430,4097,4315,4917,
1119,1188,1710,3763,4934,
2026,4005,4084,4782,
647,1407,1888,2280,2306,2733,
250,319,413,871,1159,3080,3831,4980,
671,852,1119,3901,3948,
734,1970,
480,668,1474,1537,1898,2825,4411,4558,
1191,3639,
715,806,1652,2764,3353,4182,4782,
811,1537,2408,2498,
432,589,592,1316,1905,2142,3864,4075,
25,817,1925,2209,3033,
790,1197,2003,3010,3056,3527,4859,
231,412,721,1019,1269,2689,
740,1015,1194,1315,1666,1765,4701,
1136,1331,1535,2638,3967,4206,4330,4340,4450,4940,
2439,4615,4670,4826,4987,
1384,1752,2358,2580,2699,3703,4750,
2009,2137,4055,4255,4611,4682,
2776,4177,4808,4999,
86,592,612,863,1047,1818,4754,
1073,1616,2116,2226,2878,4556,4914,
1095,1872,4031,
74,188,1557,2042,3386,3651,4887,
691,3647,3800,3876,3899,4561,
903,1123,1569,1908,1984,2284,3386,3390,3667,4738,
1135,1186,1589,4073,
3487,3673,4899,
224,395,956,2669,4727,
896,1409,3044,3895,4729,4785,4787,
1881,2227,3177,4544,
318,1016,1880,2106,2204,2451,2496,3356,4297,4881,
1664,3053,3167,3484,
303,629,732,2563,3221,3797,
1498,1541,2001,2487,3296,3507,4041,4173,
938,1067,1609,1733,4754,
28,539,604,1783,2593,2617,3617,4925,
1136,2563,2743,4947,
1678,2157,3496,
117,670,2343,2699,2930,3004,3051,3087,3192,
142,486,2051,2910,2998,3110,
132,706,1145,1578,1896,2192,2211,2589,
1164,1232,1421,3506,4105,4446,4503,4564,4577,4830,
1341,1909,
137,1195,1458,1912,2629,
2445,3774,4363,4815,
647,1040,2585,2931,4355,4932,
428,988,1067,1626,1911,4729,4978,
824,1514,2177,2193,
100,324,959,2476,2861,2873,4008,
287,1662,2284,
301,668,670,800,874,1474,2509,4512,
634,1724,2275,3062,3079,3677,3741,4491,
200,924,1123,1443,2964,3831,
372,1043,1529,2001,2915,3402,3527,3671,4254,
261,3243,4396,4440,4491,4575,4909,
140,1816,2903,3899,4029,4131,
1269,1512,2365,2472,4936,
19,150,248,521,1302,2289,4401,4750,
3458,3656,3980,
179,729,1316,1836,3970,
1578,2341,2648,3931,4516,
592,2181,2643,3321,4290,
166,167,1121,3199,3432,3668,
179,850,1175,1451,4104,4430,
306,1152,1162,1843,2809,3356,3440,3681,
1569,1759,4071,4163,4308,4998,
167,1216,1930,
68,1503,1858,2219,3186,3728,4603,
687,1235,1962,1997,2528,4156,4911,
222,1043,1463,1559,2034,2474,3479,3551,4558,4695,4863,
259,1107,1272,2186,3530,3924,4853,
301,668,1248,2053,
2072,3669,3927,
1101,1483,3440,4381,4624,
1816,2265,2411,3249,4762,
350,654,1501,3705,3768,
544,934,967,1278,2585,2915,3243,4721,
586,592,623,2908,3547,3551,
412,1871,3498,4478,
1548,3106,3196,3293,
278,798,4264,4699,
63,1300,1463,1820,4066,4477,4788,
36,2994,3681,3752,
192,2917,3056,3368,4210,4971,
730,1128,1868,2548,2635,
3070,4117,
721,1762,2154,2189,2368,2584,3087,3728,4436,4504,4914,
336,676,807,2516,4124,
1725,2112,3861,
870,1286,1509,1606,4082,
1379,1756,1861,1982,2524,2790,4279,4802,4929,
859,913,1500,2937,4466,
730,1267,2056,2234,2476,3108,4364,
1539,3351,4030,4389,4987,
611,1119,2712,
11,195,468,665,2089,3952,
1801,2366,3968,
107,871,1226,1488,
300,1997,3110,3835,4785,
834,1624,3667,4911,4947,
1163,1258,2018,3574,4749,
2469,2489,2877,3145,3546,3753,
60,81,281,1034,1040,1925,3089,4602,
2917,2980,4827,
828,2234,2396,2682,3606,
2408,3647,3882,4949,
1136,1500,3566,3990,4587,
395,783,1164,1881,1884,2021,2989,3938,4727,
502,1202,1999,3453,
619,670,709,1673,2101,2327,2676,3387,3421,4935,
69,274,1096,1187,4182,4311,
31,1428,2719,4900,
360,377,778,3723,
876,988,
299,364,3096,3268,3462,
233,1243,1971,2095,2293,3054,3309,4314,4570,
446,1384,1628,2408,2883,
1590,4297,
140,2829,3092,3282,4230,4544,
330,444,3212,4062,
226,3180,3334,3511,4292,
281,2009,2229,4488,
871,1238,1412,2481,2647,
87,1067,1475,3445,4299,
2164,2193,4890,
1186,1269,1647,2452,2678,3734,4050,4370,4621,
911,2359,3647,4491,
1325,1816,2672,2976,3196,4008,4169,4445,4759,
234,806,2163,2544,3168,4182,
374,1054,1350,2457,3655,4363,
1609,1977,3353,3722,4219,4301,
3297,
74,955,988,4884,
622,1042,2541,4839,
62,941,2115,4543,
371,1094,1217,1220,1683,2149,2255,2400,2455,3051,4934,
874,929,2291,2596,4506,
209,421,1664,3191,3756,3828,
119,1529,1628,2843,4430,
132,1037,4632,
402,483,761,879,1136,1405,2116,2858,4370,4576,4977,
540,1162,1559,1876,2476,2601,3204,
197,2774,3276,
106,121,238,1524,1911,4134,4138,4184,4331,
1234,1412,1790,1871,3358,4914,
159,756,4061,
521,962,990,1048,1194,1407,1613,1617,1887,
2793,2885,4813,
547,3708,
573,656,1255,2899,3595,4455,4574,
1284,1372,2025,2813,
3073,3628,3664,
325,486,1014,1221,1362,1462,1472,2339,2596,2628,
73,2516,3607,4701,4723,
666,967,2056,2611,2842,
2223,2576,3745,3987,4782,4854,
228,338,1108,2433,2849,3387,
242,289,346,583,1925,4271,4850,
442,1190,2594,3025,3274,3540,3624,4203,4536,4917,
2123,2411,3054,3398,3625,4059,4184,
192,773,885,976,1042,1424,1452,2565,2842,3250,3456,3740,
710,1659,2187,3496,4133,4952,
221,3424,4209,
293,1313,1463,2371,2418,3285,4053,4592,
477,727,915,1175,1502,2536,3534,3733,4409,4435,
246,360,781,1247,2409,3279,3829,3901,
1194,1281,2840,4312,4341,
1086,2115,2372,2834,3159,4097,4184,4670,
85,302,1037,2095,
486,670,994,1153,1298,2101,4935,
1531,2194,3496,3550,3692,4237,
859,1079,1665,2062,2292,3651,3934,4323,
86,230,878,2277,2445,3421,4203,4864,
752,850,2153,2216,3149,3668,4237,
3106,3534,3682,4162,
447,478,911,1464,2359,3146,3445,3647,3946,4847,
107,871,1488,3931,
221,1018,1554,2235,2265,3457,3816,4665,4958,
666,912,1350,2116,2582,2973,
2135,2953,3682,4050,4146,4621,
416,1228,2171,2192,2471,2786,3079,3441,4538,4811,4827,
123,192,1884,2704,3672,
1225,2021,2289,2519,3606,4375,
812,1647,2112,4942,
3,127,281,1643,3919,
526,1092,2457,3464,3932,
306,1027,1179,1220,1369,2093,2112,3588,3975,
90,2639,2842,3054,3371,3816,4870,
981,1159,2842,3439,3555,3766,4379,4589,
112,3306,4033,4751,
1731,3480,3579,4559,
150,241,260,369,
240,833,2126,2648,2726,2790,4144,
293,1474,2561,3624,
118,575,1384,1529,1688,4201,4511,
246,1018,1135,1646,2661,
1462,2371,2625,4557,4966,
666,1008,1512,2193,2447,3151,4685,
712,807,2025,
764,1327,1643,3070,3131,3690,3835,4409,
150,2073,3552,
1566,1569,2292,
604,767,1149,3405,
815,2907,3828,4240,4417,4685,
1506,3083,3203,3305,
1011,1572,3293,4242,4476,
628,973,1541,1725,2321,3169,3513,4746,
1039,2347,2548,2617,2666,3212,3268,3650,4570,
806,854,1721,2828,4228,4263,4279,4820,
2449,3582,3641,
293,423,667,1110,1232,2564,3032,4073,
1273,2565,2966,
63,1300,1463,1820,4066,4477,4788,
721,2189,2293,3087,3323,4914,
74,988,
732,2400,2444,3487,4066,
958,1233,1384,1754,
1432,1577,2306,2784,3013,3798,4167,
214,1325,2565,3885,4453,4589,4792,
299,1733,3359,4782,
229,1144,1557,2894,3773,
2857,3153,3551,3648,
217,219,807,870,1216,2630,2864,3168,3803,
1224,1541,2538,4004,4015,4076,
764,1117,1756,2004,2612,2878,4104,4784,4905,
44,1919,2964,3283,4375,
753,1746,1834,2135,2828,3934,4279,
325,2642,2908,3146,4265,
291,1956,3369,4182,4908,
334,534,592,622,1643,1757,2101,
138,240,1486,1733,2025,2739,4629,4972,
656,2239,2883,3669,4070,4399,
775,2042,3689,4519,4587,
518,666,2842,
2385,2981,3514,
318,1316,3371,4570,
2710,4005,
93,280,571,1115,1913,2034,2135,3910,3987,
837,1462,2861,4077,4465,
255,1042,
400,1219,1874,2162,2366,4982,
524,1551,2912,3615,3648,3668,4050,
85,1113,1140,1836,3396,3620,3759,
1220,3236,3390,4025,4869,
69,1144,1679,2036,2183,2330,2642,2715,
1275,1574,1991,3296,3665,4188,
293,375,1231,1815,3137,3639,
231,389,1005,1132,1493,1882,3180,3703,3934,4997,
627,965,4611,4652,4721,
29,152,850,1120,2609,2653,4886,4911,
881,4284,4628,
908,2057,3351,4135,4278,
73,1559,1910,2516,2714,3607,4701,4723,
702,1863,1982,2262,2582,2650,
33,4843,
21,675,751,1202,2676,4431,4818,
994,1472,1893,2315,4997,
682,1092,1971,2538,
289,490,1855,2001,2559,3032,4850,
634,1724,2275,3062,3079,
1141,2140,2199,3268,3722,3752,4571,
812,1300,1647,2112,2964,3505,4056,4942,
24,212,419,1183,1876,1940,3869,4577,
61,378,1183,1349,2166,2274,2872,3352,4512,
197,500,1113,1664,2250,2307,2454,2617,2774,3165,3249,3276,4396,
2870,2915,3556,4282,4802,4827,
372,2151,2600,3655,3864,
320,1182,2195,2721,2976,4295,
592,1327,3697,4616,
1425,1630,1731,1834,1991,2001,2021,3748,4482,
700,1461,3140,3730,4582,
1407,2306,2733,3996,
441,970,1053,2337,2397,2918,4832,
2137,3151,3998,4059,4204,4545,
2360,
17,715,1486,3299,
261,3243,4396,4440,4491,4575,4909,
1431,1780,2001,3501,3775,4015,4089,
1276,1504,1905,3603,3615,
874,1113,1140,1836,2089,2266,2649,3153,3759,4059,4189,
1618,1649,2595,4410,4450,4757,4940,
61,93,547,740,1853,2050,2385,2469,2962,3410,3667,3708,
132,2832,3086,3153,3480,
240,831,1232,1389,1725,1779,1917,1986,2228,2592,2666,2900,3139,
52,921,2841,3671,
684,907,1017,1373,2561,3273,4037,
173,1523,1705,2174,2896,3161,3885,
1679,2715,
1157,1624,2280,3120,4389,4904,
870,1286,1509,1606,2445,2938,4077,
246,851,1804,4808,4918,4922,
2268,2774,3087,3307,4223,4797,4952,
293,1474,2561,3624,4990,
3032,3990,
11,468,1052,2089,3952,4136,
1170,1338,1581,1664,2725,3639,4968,
707,1042,1501,2114,2179,3759,4491,
189,532,958,2938,3461,
2226,3066,3291,3730,4140,4727,4980,
318,3742,4510,4977,
69,423,1217,1310,1624,2110,2165,2471,2745,3823,4044,4446,
1775,3467,4058,4096,4632,
234,806,2116,2163,2190,2544,3168,4076,4182,4256,
1851,2051,2527,4394,4946,
68,1503,1858,2219,3186,3728,4603,
85,152,733,2596,2691,4841,
2738,3644,4427,4812,4848,
405,891,4370,4396,
870,2340,4307,4504,
4797,4952,
60,281,4602,
63,1463,1557,1952,2790,3671,3934,
198,539,553,772,1039,1349,2289,2678,4621,
272,821,1095,1232,1651,
1461,1843,2358,2739,4011,4559,
471,990,1405,1557,1794,2154,3624,4609,
197,280,1913,2034,2135,3910,
1219,1652,2976,4881,
467,1387,1928,2209,2731,3065,
69,274,1096,1187,4182,4311,
300,
1159,1327,1956,2397,3487,
493,652,685,2274,2506,2590,
486,1334,1803,2157,2212,2564,2646,3396,3835,4160,4264,4288,4793,4913,4965,
592,2373,3830,4684,
1164,1822,2025,2583,2676,2842,4703,4932,
559,628,1399,1880,2319,2596,4383,4401,4807,
851,1461,
1503,1923,2250,3190,3639,4495,4623,
1002,2839,3193,3270,3279,
274,4103,4114,4129,
139,553,711,1216,1557,2347,3648,3845,
283,570,1158,1868,2028,3925,4788,4809,
402,1822,3488,3612,4011,4990,
573,1101,1326,1483,2899,3305,3440,4315,4381,4624,
2418,2714,2781,3289,3300,
520,1474,3477,
85,963,1238,1399,3655,4242,4374,
709,2951,4189,
222,3443,3496,3901,4032,4925,
1462,1914,3350,3404,
682,1250,1843,2341,2648,3931,4828,
1239,1564,1584,2500,2582,4491,
428,988,1067,1105,1626,1911,4729,4978,
3279,
385,806,834,1136,1394,2375,
604,3214,3797,3881,4351,4467,4497,
1977,2155,3758,
244,1155,2025,4797,
1664,1689,1801,2053,2631,3559,3931,
850,2304,2858,3131,3371,4189,4761,
767,1493,2113,2233,
1386,1464,1629,3572,4932,
111,778,2647,3084,3198,
1500,2001,2189,4161,4333,4504,4865,
117,643,2882,3008,3111,3140,
1210,1508,1660,1787,1930,1973,2276,2534,3079,3389,3572,4237,4458,
316,318,809,1649,
1634,1660,2564,2855,2937,3392,3870,3970,4163,4454,4701,
209,1144,1610,2305,2590,2599,4038,
1073,1162,1705,1852,2898,3151,4723,
160,1127,1162,2427,3119,3160,
931,2001,2415,2496,4756,
66,715,1113,2289,3286,4100,4440,
36,1469,2916,
559,884,1709,4103,4394,
402,483,879,1136,2116,2781,4576,
1451,1502,2383,2477,2530,4062,
414,3535,3655,
1381,2957,3544,3975,4463,
419,442,931,1351,1854,2411,4169,4374,4484,4596,
12,94,1621,4496,
2297,2626,3271,3635,3754,
388,1679,1830,2169,2715,3322,3498,4116,4167,4486,
203,1269,1537,3178,3496,3772,4026,4840,
688,1686,1697,2907,4570,
582,3151,4315,
1005,1374,1716,1911,
813,913,1042,1987,2078,2915,3952,
9,1335,1407,1416,1666,1859,2867,3096,4929,4958,
612,734,1861,3106,3153,3747,3935,
283,893,1158,3311,3925,4788,4809,
172,523,1016,1995,3243,3807,4741,4981,
428,1234,1688,2339,3639,3655,4160,4425,
28,623,1250,4357,4607,
118,829,2519,2705,4504,
108,2388,3526,4363,4510,4515,4540,4670,
374,1343,2226,2237,3303,3583,4147,
1382,3025,3596,
43,1593,1834,3173,3656,4202,
907,1409,1451,1503,4008,
1393,1527,2994,
405,1096,1102,1284,3249,3328,3959,4336,
907,1346,2373,2949,3396,3549,3920,4701,
1234,3160,3845,4275,
22,1491,1518,2342,2595,3281,3556,3583,3803,3988,4082,4784,
2617,3534,3843,
1113,1140,1836,2947,3759,
1940,2947,3669,4503,4577,4607,4614,4796,
961,4158,4398,4475,
127,1383,3501,3527,4037,4391,
1503,2025,2057,2372,2506,3656,3919,4234,4326,4958,
168,1416,1804,2277,2471,3921,4289,4308,
11,1269,1289,1537,3131,3178,3804,3908,
764,1659,3159,
821,1232,1651,3927,
871,1265,
119,138,145,391,512,683,837,2095,2899,3271,3784,
612,740,1039,2129,2617,2739,3950,4330,4475,4711,
519,1498,1541,1820,3496,4173,
2337,3997,4146,
480,2496,4796,
1233,1638,1773,2029,2714,3180,3409,4911,
1770,
2304,2637,3070,3159,3805,4089,
1039,1107,2129,2739,4475,
29,289,1779,2163,3722,4168,
1014,1853,3899,
371,2022,3306,3514,4373,4378,4944,
497,909,1036,2914,3351,4059,4564,
998,2650,3021,3129,4446,4750,
1093,2012,2064,2524,
101,322,1573,1664,2021,2324,2687,2815,3356,
3306,4792,
148,806,1086,1462,1779,2042,2506,4431,4905,
480,1905,2208,2223,2912,3975,4352,
446,1169,3070,3517,3615,
546,1297,2968,3514,4012,
1882,2246,3487,3957,
571,1253,2237,2336,2416,4750,
666,903,3556,4401,
2489,2725,
929,2291,2596,4506,
3695,4950,
727,1499,3317,4359,4909,
248,2557,2776,3695,4782,
44,668,1512,1530,2304,2408,2563,3198,3666,3901,4375,4392,4441,
1145,1313,1472,3405,4462,4820,
286,1502,2852,2991,
706,908,1014,1160,1275,2610,4212,
2091,2154,2236,
242,277,346,492,583,1988,2342,4271,
92,119,716,2653,2947,4028,4308,4564,4899,
86,402,624,709,994,1984,2382,2424,2457,2739,4797,
765,867,2401,2444,2989,3004,3618,4688,
127,670,2589,3000,3934,4443,4887,4911,
360,662,1005,1017,3081,3217,3474,3702,3725,4184,
1630,2001,2021,4396,4482,
1454,1861,3330,
238,240,595,870,1723,3805,3985,
764,863,1095,1530,1664,
1246,
215,1531,2853,3526,4257,4750,
2227,2384,3089,3765,4426,4658,
4474,
608,1905,2780,3474,3522,
539,2362,3012,3766,3768,
623,1715,1957,3980,4539,4830,
3021,
148,154,259,530,2815,3455,3492,3911,4311,
1673,2785,3328,4639,
140,1558,2269,2365,3070,3888,4228,4279,
63,463,2234,2471,
86,281,439,798,1381,1537,2857,3620,3651,3827,4536,
1183,2585,3081,3678,4607,4886,
829,1622,1770,2901,3160,3281,3790,
598,2142,2409,2512,2685,3051,3538,3853,4311,4450,4670,
284,1629,1956,3353,
2250,4762,
652,1717,3932,4139,4920,
36,832,1679,2165,2314,2715,
2533,4856,
73,109,335,1602,1610,1629,2290,3829,3990,4242,
247,1190,1731,3008,3653,3708,
111,687,2625,3042,3096,
854,2828,3387,4263,4279,
1184,1835,3167,4144,
571,2561,2638,3160,
586,870,902,1256,2193,2815,3838,3889,4202,4363,
833,1545,1903,2864,3223,4050,4366,
177,409,1945,2189,3149,4178,
463,565,909,3049,4046,
1040,2385,3444,
371,1902,2345,2512,3457,4058,
2382,3581,4018,4193,4345,4433,
2060,2239,2836,4496,
273,859,913,1408,1500,2937,4380,4466,
29,2315,2715,2781,4588,4741,
737,3744,
316,616,815,1005,2979,3122,3154,3240,3400,4870,
1095,1843,3330,4646,
993,2226,2368,3313,3934,4010,
371,1145,1313,1472,2512,3405,3457,4058,4462,
21,1189,2428,2761,3981,4883,
1001,1252,2110,2695,2722,3277,4396,4862,
640,1652,2112,3301,
764,2181,2726,
52,402,1351,1384,2903,3410,3828,4398,
855,956,1755,2114,3219,3387,3730,4293,4508,
463,993,1346,2053,2614,2708,3300,3460,4785,4813,
595,605,1756,2082,2612,
221,1113,1234,1327,3390,3774,
467,1541,2116,2933,3381,3969,4084,
613,2493,3199,3247,3572,
1594,2227,4551,
1666,1982,2193,
319,2861,3946,
55,440,2400,2590,3669,4621,
86,878,2277,2387,2454,3421,3479,4374,4654,4864,
106,274,575,1114,1888,2173,4491,4504,
470,1546,2397,3487,3505,4413,
773,781,832,885,976,1042,1424,1452,1468,2147,2565,2842,3250,4607,
277,323,502,782,1508,1533,1659,2579,2691,3648,4510,4598,4736,
2595,4456,
2248,2597,2743,4785,
931,2001,2415,2496,4756,
246,1018,1135,1461,1635,2261,4628,
973,2551,3051,4615,
1352,2825,3341,3975,
3642,3677,3968,
773,885,976,1042,1424,1452,2565,2842,3250,
2637,
8,2143,2444,2980,3216,3619,
891,1147,1186,1288,
669,1313,2596,2774,3564,4169,4243,4649,4899,
146,773,1042,1158,2578,2725,4980,
1155,2412,3530,
8,336,2101,2708,3166,4614,
492,3722,3771,4749,
48,192,1302,1768,4413,
100,446,1312,3939,4886,
405,955,1020,4081,
1871,2102,3241,3613,4377,4813,
867,1079,1606,1665,2401,2432,3267,3934,
443,553,1443,1524,1756,2107,4678,
513,2165,2660,2716,2799,3221,3381,3401,3933,4215,
1341,1863,1982,2262,4582,4871,
745,2373,2625,4867,4886,
993,2226,2368,3313,3934,4010,
69,364,1132,1162,1339,2665,3153,3941,4034,4595,
601,1999,3611,3959,
51,157,852,950,1502,2579,3297,3377,3847,3935,3990,3998,4384,4475,4512,
486,538,1085,1152,1384,2172,2735,3932,
446,486,1153,1298,1756,2612,2832,4762,
582,2553,
33,2293,3377,3970,4532,
197,280,1913,2034,2135,3910,
2345,3073,3628,3664,
603,655,2998,3041,3806,4087,
3054,4576,
116,3144,3643,4497,
1003,1822,1940,2285,2810,3144,3199,3390,4772,
559,3120,
3,1751,2678,3256,3722,4390,
783,2418,2900,3171,4243,4273,4531,4688,
168,238,799,1118,1130,1152,1221,1821,1837,2533,3474,4315,4394,
709,1127,4821,4968,
1559,1910,2714,
486,745,2373,4398,4909,
156,2001,2748,4512,4571,
2223,2576,3745,3987,4782,4854,
192,1599,4491,
409,1535,1903,3186,4603,4607,
120,299,1428,1733,1971,2692,3359,
870,1710,2129,3351,
402,1040,1083,1382,1984,2385,2457,3444,3931,4540,
553,1265,2244,2260,2658,3267,3286,4501,
558,1236,1903,3041,3722,
855,1374,4415,
69,1596,1943,3515,3580,3743,4533,
1500,1676,1909,3065,3127,4344,
441,937,3111,3511,3798,4387,4784,
171,224,1664,2121,2227,3351,4192,
2315,2596,2694,3018,4938,
1208,1386,1777,4464,
168,412,874,1579,1737,3343,3496,
1652,1761,3602,3835,4000,4189,
172,1016,1995,3243,4135,
828,1751,2129,2678,3256,3798,4387,4540,
2476,3552,3572,4425,
592,2612,2648,3089,3314,
895,936,2532,3143,3708,3934,4540,
51,316,1107,1493,1741,1767,2709,2811,3132,3149,3921,3927,
238,782,1389,1467,1721,2305,3515,3639,4340,4901,
778,902,1325,1799,2136,2340,4307,
43,63,745,2481,3676,4722,
316,616,815,1005,3154,3240,
2028,2781,3919,
1218,1339,1443,1849,3216,
2682,3319,4416,4740,
291,592,936,1327,2942,3697,3882,4616,
487,545,1383,2406,3957,4332,
2035,2324,3009,3055,3727,
931,2201,2260,2776,3882,4076,4569,
69,1144,1443,2036,2183,2330,2489,2642,4446,
177,409,1945,2189,3149,4178,
646,2026,
830,852,1871,2174,4470,4668,4746,
1815,2567,3557,4046,4355,
109,1043,1382,2063,3559,4476,
3,28,222,1529,1804,2001,2857,2941,4985,
1622,3039,3816,3876,3953,4539,
1314,1369,1651,3111,4078,
316,2004,2417,2764,4238,
1208,1386,3534,4464,4990,
192,959,3004,4301,4898,
1709,3300,
3231,3926,
689,825,2060,2584,
221,973,1775,1827,2284,2930,3153,3166,4041,
18,61,219,1474,1530,1557,2052,2572,4997,
815,2907,3828,4240,4417,4685,
92,119,994,1917,3628,4028,4308,4564,4899,
668,803,837,1179,2021,2217,2361,2521,2699,3149,3408,4243,4607,4753,
6,246,511,1183,1952,2610,
63,108,1211,2411,2481,3066,3330,3572,4762,
871,902,1581,1666,1768,1882,2786,3095,3591,4069,
994,1508,1930,2276,2408,2883,
85,147,631,1093,1147,1843,3755,3864,4747,
514,1577,1798,2921,3114,
700,1461,1882,2499,3140,3730,4582,
480,1222,1905,2208,2223,2912,3326,3975,4352,4562,
827,1009,1398,2056,3273,
173,402,1015,1995,3324,4666,4750,
20,100,676,1079,1393,1798,1828,1997,2131,2428,3769,4613,
127,214,559,1383,1689,3527,4558,
1296,2179,2660,3147,3672,3919,
808,889,1498,1592,2561,
1804,3979,4922,
238,2347,2372,2663,3359,3667,3988,
294,580,2068,2781,
2476,3075,3133,4270,
68,93,1310,1664,2416,2757,3506,3910,3948,4670,
1688,2260,2383,
217,281,807,2009,2229,2430,2557,3341,3803,4488,4827,
759,1427,1448,3552,3696,4072,4745,
652,764,863,1095,1458,1530,1664,2474,2610,3521,4050,4210,4671,
1221,1472,2339,2628,
1239,1564,1584,2500,2582,4491,
69,70,412,2373,3869,
266,1115,1351,1816,2931,
674,1085,1324,1361,1871,3368,3589,4491,
931,1096,1351,1648,1901,2958,
263,2415,2692,2918,2932,3217,4326,4823,
3585,3589,4557,
674,685,709,803,1094,2595,3498,3664,3676,4148,4646,
924,2722,3595,4621,
3835,3846,
1138,1382,2382,2425,3300,3532,4519,4700,
266,1524,2284,2576,2931,4333,
924,1129,2069,2112,3980,4398,
1561,2387,2454,3479,4374,4654,
732,1577,2133,4392,4568,
6,558,2360,
656,1429,4510,
644,803,3020,3335,3344,
118,520,542,3692,3905,
3926,
1147,1597,1795,3816,
648,1502,2339,2506,2617,2621,3111,4197,4521,4604,4751,
1338,4114,4778,4970,
230,326,1648,3098,4738,
48,629,1711,1775,1858,1914,1998,2528,2842,3306,
274,382,1302,1557,2611,2686,3512,3551,3601,4257,
773,2177,2430,3931,4510,4603,
40,289,311,1123,2234,2417,3130,
2406,4507,
691,3647,3800,3876,3899,4561,
613,2493,3199,3247,3572,
140,2829,3092,3282,4230,4544,
337,1349,2324,4177,4512,4750,
1264,4946,
68,1584,2625,2828,2842,4195,
439,1276,3154,4827,
247,1275,1797,2964,3550,
72,437,3969,
1338,2852,2910,3079,4114,4778,
11,468,2089,3952,
9,1335,2231,
827,1009,1183,1398,1518,2056,3273,3315,4490,4704,
1705,3488,3612,4626,
2060,3352,4561,4869,
501,1499,4568,4750,
81,1034,1925,3089,
3527,3703,3952,4329,
1144,1838,2541,
74,188,1557,2042,4887,
49,437,809,3190,3777,4087,
444,1153,1765,2155,2166,2864,3131,3544,
1003,1314,1953,2006,2964,3620,
18,471,1152,1999,3070,
208,1269,2802,
29,69,795,1768,3521,4230,
764,1882,2237,2992,
389,1493,3703,3934,4997,
1071,1905,3845,4545,4778,
480,1428,1469,3124,3166,4929,
1890,2867,2980,3527,4458,
992,4015,4455,
1678,1909,3577,4490,
496,1183,1822,1990,2145,2420,4531,4587,
1005,1184,1835,2842,3167,3607,4144,
795,871,998,1132,1501,2062,2141,2401,2666,2905,3075,3169,3186,3828,4312,4578,4996,
1624,2941,3212,3556,4103,
324,959,2476,2861,2873,4008,
3477,3954,4901,
1093,1288,1549,1569,1923,1983,2565,4258,
423,699,729,874,1217,1310,2110,2165,2343,2679,2790,3823,4044,4267,4390,4396,
402,483,879,1136,2116,4576,
252,1136,2563,2743,4355,4947,
1473,2343,2361,2899,2964,2979,3095,4516,
326,3728,4425,
552,778,1557,1843,1876,4100,4375,
326,881,1314,1474,2223,3710,
1034,1144,3457,4050,
1149,2402,4707,
497,2841,3351,4684,4985,
497,709,2932,3624,3816,4254,4364,4452,4813,
709,1222,1746,1756,2612,3124,4109,
961,3955,4083,
174,459,1545,1854,2268,2638,2735,3040,3293,3396,4326,4557,
127,683,1617,2193,2345,2517,3910,4345,4868,
2030,2525,4564,4833,4947,
63,1558,2776,2883,3008,
442,1190,2594,3151,3540,4536,4723,
89,397,813,1126,3013,3452,3893,4460,
402,2450,4886,